# Kinesis teacher-visible motion_ids (generated by compute_kinesis_whitelist.py)
1
2
4
10
11
15
25
27
33
35
37
42
43
44
45
46
48
49
50
56
61
64
70
73
74
75
82
87
95
96
98
99
101
102
103
104
107
114
115
116
118
121
124
125
126
127
130
133
135
144
153
161
163
165
166
168
170
175
176
180
181
183
185
189
193
197
199
201
203
204
206
207
208
210
212
214
217
219
220
222
226
228
232
235
240
245
247
248
249
250
254
255
259
267
271
273
275
278
280
282
286
287
293
296
299
300
302
307
310
311
316
319
320
323
329
332
335
336
339
341
344
347
350
358
359
363
365
370
371
373
375
376
378
379
380
382
387
388
390
392
395
403
404
408
410
414
417
425
427
428
433
436
438
440
445
447
450
452
455
457
462
463
466
467
469
472
473
475
477
478
481
484
488
489
492
494
497
498
500
502
503
505
506
507
508
511
516
520
524
525
526
528
529
531
536
540
546
548
549
550
552
556
560
565
567
568
569
574
579
585
587
588
589
591
600
601
604
607
609
611
613
618
622
633
634
643
646
647
649
651
653
656
661
662
673
677
678
683
684
685
689
690
694
696
701
702
703
705
711
713
715
717
719
722
731
735
738
739
741
744
745
747
748
749
753
754
755
762
764
767
768
771
773
774
782
784
785
792
795
798
799
800
801
803
810
812
814
817
822
826
829
832
835
840
841
848
849
858
860
865
868
871
873
876
882
883
893
894
897
898
899
908
910
913
914
918
921
923
932
933
934
935
936
940
944
945
947
949
953
956
960
964
968
971
972
974
981
985
986
987
989
991
995
996
998
999
1003
1006
1010
1011
1013
1014
1016
1018
1021
1022
1024
1027
1030
1031
1033
1034
1035
1044
1047
1050
1058
1060
1061
1064
1067
1068
1069
1075
1078
1082
1084
1087
1088
1090
1091
1095
1097
1102
1103
1105
1106
1111
1115
1116
1117
1118
1119
1120
1122
1125
1126
1129
1145
1152
1154
1156
1158
1160
1173
1174
1175
1180
1181
1188
1189
1191
1194
1195
1196
1197
1198
1200
1203
1207
1210
1211
1213
1214
1216
1218
1219
1221
1222
1223
1225
1227
1228
1234
1238
1241
1242
1243
1245
1247
1251
1255
1257
1262
1266
1269
1273
1275
1276
1277
1278
1285
1287
1288
1292
1295
1296
1299
1302
1303
1305
1307
1310
1313
1317
1319
1321
1323
1325
1332
1334
1335
1337
1343
1349
1351
1353
1355
1357
1362
1363
1370
1371
1372
1374
1375
1376
1379
1384
1385
1386
1390
1391
1392
1394
1399
1403
1406
1411
1415
1417
1420
1421
1423
1424
1426
1430
1435
1439
1442
1443
1445
1446
1448
1451
1452
1454
1456
1457
1460
1476
1478
1481
1483
1484
1485
1491
1498
1503
1510
1514
1515
1519
1521
1522
1524
1530
1532
1533
1534
1538
1542
1547
1551
1553
1554
1555
1557
1558
1562
1566
1569
1576
1577
1580
1581
1588
1592
1594
1595
1600
1606
1607
1611
1613
1614
1617
1618
1620
1622
1626
1629
1631
1632
1633
1638
1642
1646
1647
1648
1655
1658
1659
1662
1664
1665
1671
1672
1674
1677
1678
1679
1683
1685
1687
1693
1695
1697
1699
1700
1702
1703
1704
1710
1713
1716
1721
1725
1728
1729
1731
1732
1733
1735
1738
1739
1740
1744
1746
1747
1748
1753
1756
1758
1765
1767
1769
1770
1774
1776
1780
1784
1787
1796
1797
1802
1807
1810
1818
1819
1820
1825
1826
1827
1828
1829
1833
1834
1835
1839
1840
1841
1842
1846
1853
1856
1857
1861
1864
1870
1871
1879
1881
1883
1888
1889
1895
1897
1898
1900
1903
1905
1912
1913
1917
1918
1920
1925
1932
1936
1937
1944
1945
1947
1948
1951
1958
1959
1964
1966
1971
1972
1974
1978
1983
1989
1994
1995
2001
2002
2009
2011
2018
2020
2021
2025
2026
2033
2034
2038
2039
2046
2051
2053
2055
2057
2058
2060
2061
2065
2067
2069
2073
2081
2082
2083
2087
2088
2091
2095
2098
2100
2101
2102
2103
2108
2110
2111
2112
2122
2123
2126
2127
2129
2131
2137
2138
2139
2140
2141
2143
2145
2147
2149
2151
2153
2154
2158
2165
2166
2168
2169
2173
2175
2176
2177
2178
2181
2186
2187
2193
2195
2197
2198
2202
2203
2208
2213
2217
2218
2221
2222
2224
2229
2235
2236
2239
2243
2244
2245
2249
2250
2251
2252
2255
